Sex	Age	HI_Tool	Z_Latency	id	Colony	rear
2	18	-1	-0.0021	6104	1	1
1	28	-0.4	7.26024	3912	1	3
1	20	0.4	0.17378	4152	1	2
1	21	0.44	-0.24393	5188	1	1
2	24	0.44	0.18111	5540	1	2
2	22	0.4	-0.43447	5066	1	1
2	26	0.76	-0.11202	3462	1	3
2	27	0.96	-0.72027	4205	1	1
1	21	0	0.91394	9728	1	3
1	15	0.32	0.7234	5803	1	1
1	28	0	0.12981	4523	1	1
1	18	0.04	-0.61035	5630	1	2
2	41	-0.96	-0.73493	1768	1	3
2	35	0.44	0.70142	3867	1	2
2	46	-0.36	1.92524	1929	1	3
2	13	0.88	-0.94012	6039	1	1
2	32	-0.12	-0.89615	3440	1	1
1	14	-1	-0.03874	5957	1	1
2	29	0.76	0.223	5180	1	2
2	13	-0.56	-0.98409	6167	1	1
2	17	-0.48	-1.21127	5555	1	1
2	34	0.28	1.85196	4015	1	1
2	15	0.44	-0.52973	5721	1	1
2	26	0	-0.16332	4544	1	2
2	30	1	-0.84485	6493	1	2
1	11	0.04	0.34233	6208	1	1
1	18	-0.52	-0.94745	5465	1	3
2	26	-0.48	0.12981	2525	1	1
2	33	0.48	-0.26592	4244	1	1
2	22	0.12	-0.30256	5061	1	1
1	15	0.28	0.09317	5618	1	1
1	11	-0.24	-0.59569	6182	1	1
2	30	-0.44	2.52616	4654	1	2
1	25	0.68	0.73073	4721	1	1
1	24	0.2	-0.68363	6174	1	1
2	22	0.08	-0.24393	5073	1	1
2	26	0.8	0.70875	10245	1	1
1	9	0.28	-0.85951	7153	1	1
1	22	0.44	0.25439	5787	1	2
2	38	0.52	0.74539	2201	1	3
2	44	-0.04	1.32432	1732	1	3
1	37	0	-0.56638	9696	1	3
1	18	0.4	-0.625	4746	1	1
2	21	-0.88	-0.17798	5867	1	2
1	44	-0.48	1.14112	2601	1	3
1	20	-0.24	-0.53706	5797	1	1
2	16	-0.48	0.02722	5691	1	1
2	50	-1	1.07516	1407	1	3
2	39	0.48	-0.24393	2006	1	3
1	16	-0.2	-0.36118	5659	1	2
2	14	-0.08	-0.85218	5941	1	1
1	15	0.36	-0.3392	5687	1	1
1	30	0.6	0.39363	4703	1	1
1	26	-0.64	0.19577	6046	1	1
2	28	0.2	0.75272	5048	1	1
1	16	-0.36	0.335	5658	1	1
2	19	-0.56	-1.05737	5430	1	1
2	35	0.04	-0.58103	2830	1	3
2	15	-0.08	-0.56638	5905	1	1
1	34	-0.12	-0.76424	3033	1	3
2	16	-0.6	-0.85218	5626	1	1
1	23	-0.88	0.31302	5676	1	2
2	39	0	-0.69829	2170	1	3
2	41	-0.56	0.22508	2243	1	3
2	18	0.16	-0.37584	4305	1	1
1	22	-0.76	0.53287	4441	1	1
2	20	0.12	0.888	5711	1	1
1	17	-1	-1.07203	6880	1	3
2	15	0.88	-1.17462	5679	1	2
1	25	-1	-0.07538	4540	1	1
2	38	0.52	0.11515	2107	1	3
1	15	0.08	-0.74226	5753	1	2
2	26	-0.24	1.1118	5377	1	1
2	39	0.32	-0.90348	5461	1	2
1	14	-0.56	-0.56638	5823	1	1
1	24	-0.84	-0.36118	4639	1	1
1	39	-0.72	-0.7276	4162	1	1
1	37	-0.08	1.33898	5035	1	1
1	9	-0.48	-0.96943	6396	1	1
2	25	0.88	-0.82287	4510	1	1
1	10	0.76	-1.13065	6427	1	1
2	42	-0.52	0.79669	2242	1	3
1	24	1	-0.97676	5855	1	1
2	23	-0.1429	0.57429	5650	1	1
1	22	0.2	0.81867	5480	1	1
2	31	-0.16	0.75272	4520	1	2
2	24	-0.44	-0.99142	5062	1	1
2	39	-0.84	0.84798	2429	1	3
1	14	-1	-0.56638	5883	1	1
2	40	0.64	-0.06805	1855	1	3
2	19	0.52	0.29836	5360	1	3
1	34	-0.44	-0.66897	2200	1	3
2	24	-0.96	-0.80088	4648	1	1
2	29	-0.4	0.784	5050	1	1
2	26	0.08	1.23	5301	1	1
2	15	-0.52	-0.65432	5769	1	1
1	36	-0.16	-0.41981	2045	1	3
2	25	0.32	-0.96943	4345	1	1
2	25	-0.72	0.28371	4532	1	1
2	17	0.76	-0.29523	5664	1	3
1	27	0.04	-0.22195	5295	1	1
1	18	-0.96	-1.05004	5432	1	1
2	22	0.48	-0.99142	4760	1	1
1	37	-0.08	-0.56638	4716	1	1
2	29	0.68	-0.27324	5080	1	1
1	16	0.24	-0.07538	5563	1	2
1	36	-0.36	-0.20729	2957	1	3
2	27	0	0.47424	5221	1	2
2	44	0.68	-0.08271	2371	1	3
1	19	-0.8	-0.78623	5421	1	1
2	38	-0.44	-0.35386	2106	1	3
1	43	0.8	-0.44912	1549	1	3
1	44	-0.16	-0.50042	1844	1	3
1	21	-0.2	0.4376	5873	1	1
1	19	0.32	0.50355	6035	1	1
2	40	-0.04	0.09317	1756	1	3
2	38	-0.88	-0.10469	2430	1	3
1	25	0.44	-0.3905	4647	1	1
2	44	1	-0.52241	2721	1	3
1	18	0.08	-0.0534	5608	1	1
1	24	0.08	0.89928	5293	1	1
2	46	-0.92	1.82998	1841	1	3
2	42	-0.2	2.44555	3459	1	3
1	13	0.08	-0.87416	6176	1	1
2	45	-0.28	1.15577	2167	1	3
2	23	-0.12	0.89928	5666	1	1
1	46	-1	2.07914	2036	1	1
1	21	0.44	-0.11935	5063	1	1
2	34	-1	-0.18531	3153	1	3
1	23	-0.92	1.42692	5645	1	1
1	18	0.08	-0.66164	4340	1	3
1	40	-0.88	-0.7276	2724	1	3
1	38	-1	0.73806	2113	1	3
2	9	0.72	-0.80088	6496	1	1
2	19	0.08	-0.89615	5442	1	1
1	14	0.96	-0.40515	5036	1	1
2	28	0.2	-0.63233	5647	1	1
1	15	-0.68	-0.25859	9703	1	1
2	9	0.12	-0.30989	9713	1	1
2	25	0.76	-0.034	5565	1	1
2	27	0.72	-0.11935	2169	1	3
2	43	0.4	-0.43447	2354	1	3
2	14	0.64	-0.73493	5871	1	1
2	21	0.64	0.02722	5210	1	1
2	42	0.68	2.47486	2720	1	3
1	24	-0.36	0.60615	5556	1	1
1	28	-0.68	0.10783	6007	1	1
2	33	0.12	0.51088	4206	1	1
2	41	0.36	-0.47844	1719	1	3
2	30	-1	0.12248	4562	1	1
2	9	0.28	-0.92546	6487	1	1
1	34	0.72	1.23638	2537	1	3
2	9	-0.28	-0.0021	10254	1	1
2	11	0.2941	-0.28809	12370	2	1
2	13	0.04	-0.41321	12190	2	1
2	15	0.56	-0.72673	12080	2	2
1	25	0.039	-0.20675	11300	2	1
2	28	1	-0.97525	11220	2	1
1	16	0.2549	0.34914	12020	2	2
1	15	0.3226	-0.81541	12060	2	2
2	9	-0.6154	-0.16778	12410	2	1
2	34	-0.64	-0.23734	10880	2	1
2	30	0.11	-0.09281	11020	2	1
1	14	0.04	0.40096	5951	2	1
2	44	0.1373	-0.92157	10520	2	1
2	21	0.16	-0.42851	11490	2	1
2	22	-0.84	1.85022	11410	2	2
2	15	-0.7037	-0.60254	12030	2	2
1	20	-0.8214	-0.40884	11550	2	2
1	23	-0.7895	3.7444	11360	2	1
2	19	-0.44	-1.17789	11910	2	1
2	49	0.88	-0.19146	10280	2	3
2	11	-0.3448	-0.73939	12390	2	1
2	30	0.3898	1.93077	11060	2	1
2	26	0.077	-0.46865	11240	2	1
2	17	0.273	0.03412	11900	2	1
2	18	-0.24	-0.25263	11730	2	1
1	29	-0.4483	1.15912	11120	2	2
2	18	0.32	-0.94849	11960	2	1
1	13	-0.8214	2.46893	12210	2	2
1	17	-0.0968	0.99453	11940	2	2
2	15	-0.2143	-0.73656	12070	2	2
2	18	-0.4182	-0.23977	11790	2	1
1	16	0.6727	-0.03818	11950	2	2
2	33	-0.389	-0.27557	10910	2	3
2	15	0.8571	-0.40338	12090	2	2
2	14	0.1818	-0.58098	12130	2	2
2	12	0.04	-0.76879	12350	2	1
2	39	-0.8519	0.3179	10640	2	2
2	14	0.5686	-0.63295	12140	2	2
1	18	-0.28	0.11441	11740	2	2
1	24	0.64	-0.62732	11370	2	2
2	28	0.8621	-0.88441	11250	2	1
2	38	-0.6	0.29411	10740	2	2
2	30	-0.32	-0.64644	11040	2	2
2	11	0.6875	5.07189	12380	2	1
1	19	0.24	-0.46674	11640	2	2
2	14	-0.3585	-0.72291	12100	2	1
1	13	-0.4182	0.62918	12180	2	1
1	27	-0.2	-0.04513	11260	2	2
2	11	-0.015	-0.21631	12430	2	1
2	12	-0.96	-0.61585	12340	2	2
1	20	-0.12	-0.08823	11560	2	2
2	19	0.3115	-0.15567	11630	2	2
2	18	0.44	-0.21057	11710	2	2
2	11	0.2766	-0.02331	12360	2	1
1	20	-0.5385	-0.99495	11690	2	2
2	30	-0.434	1.34749	11000	2	2
2	36	-0.4615	-0.97657	10750	2	3
2	37	-0.6538	-0.71188	10730	2	3
2	12	0.9143	-0.50716	12330	2	1
1	13	-0.76	-0.17999	12220	2	2
1	17	0.8361	1.02895	11930	2	2
1	24	-0.68	1.74317	11290	2	1
2	44	0.12	0.06088	10510	2	3
2	40	0.7879	0.42121	10900	2	2
2	49	-0.88	-0.5088	10290	2	3
2	24	-0.0769	0.57116	11350	2	1
2	25	-0.8276	-0.87452	11280	2	2
2	15	-0.96	-0.81467	12240	2	1
1	13	0	0.40499	12250	2	2
2	40	0.12	-0.32145	10660	2	3
1	5	-0.12	0.0953	12440	2	1
2	21	0.4118	-0.48676	11660	2	1
2	15	-0.6765	0.69118	12050	2	2
2	21	-0.564	-0.83761	11650	2	1
1	37	-1	-0.16469	10700	2	1
2	18	-0.2	-0.29469	11770	2	1
2	29	0.5	0.64836	11150	2	2
2	9	-0.1923	0.2697	12420	2	1
2	27	-0.6522	-0.48464	11180	2	2
1	19	0.36	-0.00794	11610	2	2
2	21	0.0877	1.14853	11470	2	2
1	19	-0.7183	-0.81714	11590	2	1
1	13	0.156	-0.60056	12270	2	1
2	21	0.12	0.34764	11480	2	1
2	13	0.7091	1.40775	12260	2	1
2	39	-0.5	-0.01749	10620	2	3
2	13	0.4615	-0.96554	12400	2	1
1	17	0.6296	0.58695	11890	2	1
2	15	0.3333	0.25662	12040	2	1
2	32	0.0164	-0.63503	10930	2	2
1	19	-0.6667	-0.34411	11580	2	2
